[1] 0.4492188 0.4492188 0.9999924
[1] 0.4492188 0.4492188 1.0000610
[1] 0.4492188 0.4492188 0.9999328
[1] 0.4492188 0.4492188 0.9999466
[1] 0.4492188 0.4492188 1.0000725
[1] 0.4492188 0.4492188 0.9999542
[1] 0.4492188 0.4492188 0.9999008
[1] 0.4492188 0.4492188 0.9999847
[1] 0.4492188 0.4492188 1.0000038
[1] 0.4492188 0.4492188 1.0000076
[1] 0.4492188 0.4492188 0.9999619
[1] 0.4492188 0.4492188 1.0000000
[1] 0.4492188 0.4492188 0.9999809
[1] 0.4492188 0.4492188 0.9999580
[1] 0.4492188 0.4492188 0.9999897
[1] 0.4492188 0.4492188 0.9999974
[1] 0.4492188 0.4492188 0.9999911
[1] 0.4492188 0.4492188 0.9999936
[1] 0.4492188 0.4492188 1.0000021
[1] 0.4492188 0.4492188 0.9999928
